106
262 223
260 244
256 259
251 270
246 282
241 296
236 309
230 322
219 332
221 376
216 383
215 394
224 406
224 417
222 427
222 441
227 457
241 469
264 473
284 472
308 467
329 459
348 451
366 444
386 434
403 423
420 409
432 393
440 375
448 357
457 338
464 319
469 298
273 205
273 205
272 205
273 205
272 205
273 205
273 205
273 205
273 205
282 201
305 198
326 202
337 209
346 222
333 221
321 217
303 214
287 213
274 237
256 254
240 270
219 292
274 237
223 295
234 324
234 324
235 324
235 324
248 327
261 327
274 324
275 297
293 258
258 243
259 242
259 242
259 243
259 243
259 243
259 243
259 242
259 242
299 253
304 255
310 257
320 261
323 264
312 266
306 264
300 261
308 261
222 347
222 347
222 346
228 347
234 346
246 356
269 387
256 393
233 397
217 394
217 394
217 394
229 357
229 357
242 364
254 375
260 386
241 383
226 378
226 378
259 243
310 262